{
 "cells": [
  {
   "cell_type": "code",
   "execution_count": 73,
   "id": "39c3622c",
   "metadata": {},
   "outputs": [],
   "source": [
    "import pandas as pd\n",
    "import numpy as np\n",
    "import matplotlib.pyplot as plt\n",
    "import seaborn as sns\n",
    "from sklearn import tree\n",
    "\n",
    "from sklearn.linear_model import LinearRegression\n",
    "from sklearn.model_selection import train_test_split\n",
    "from sklearn.metrics import mean_squared_error\n",
    "import openpyxl \n",
    "\n",
    "from sklearn import preprocessing, tree\n",
    "from dtreeviz.trees import dtreeviz\n",
    "\n",
    "import numpy as np\n",
    "import matplotlib.pyplot as plt\n",
    "from sklearn.neighbors import KNeighborsClassifier\n",
    "from sklearn.datasets import load_digits\n",
    "from sklearn.model_selection import learning_curve\n",
    "\n",
    "\n",
    "from sklearn.tree import DecisionTreeRegressor\n",
    "from sklearn.ensemble import RandomForestRegressor\n",
    "from sklearn.metrics import explained_variance_score\n",
    "from sklearn.metrics import confusion_matrix\n",
    "\n",
    "#checkar esses:\n",
    "\n",
    "from sklearn.preprocessing import StandardScaler\n",
    "from sklearn.impute import KNNImputer\n",
    "#from sklearn.feature_selection import SelectKBest\n",
    "\n",
    "from sklearn.model_selection import GridSearchCV, train_test_split\n",
    "from sklearn.pipeline import make_pipeline\n",
    "\n",
    "from sklearn.tree import DecisionTreeClassifier, plot_tree\n",
    "\n",
    "#from sklearn.metrics import accuracy_score\n",
    "\n",
    "from sklearn.ensemble import RandomForestClassifier\n",
    "from sklearn.model_selection import learning_curve\n",
    "from sklearn.metrics import classification_report\n",
    "\n",
    "from sklearn.metrics import confusion_matrix, ConfusionMatrixDisplay"
   ]
  },
  {
   "cell_type": "code",
   "execution_count": 74,
   "id": "27dc3957",
   "metadata": {},
   "outputs": [],
   "source": [
    "df = pd.read_csv(\"clean_data.csv\")"
   ]
  },
  {
   "cell_type": "code",
   "execution_count": 75,
   "id": "deb59994",
   "metadata": {},
   "outputs": [
    {
     "data": {
      "text/plain": [
       "['id',\n",
       " 'price',\n",
       " 'living_area',\n",
       " 'property_type',\n",
       " 'rooms_number',\n",
       " 'zip_code',\n",
       " 'land_area',\n",
       " 'garden',\n",
       " 'garden_area',\n",
       " 'equipped_kitchen',\n",
       " 'full_address',\n",
       " 'swimming_pool',\n",
       " 'furnished',\n",
       " 'open_fire',\n",
       " 'terrace',\n",
       " 'terrace_area',\n",
       " 'facades_number',\n",
       " 'building_state',\n",
       " 'lat',\n",
       " 'lng',\n",
       " 'province',\n",
       " 'region',\n",
       " 'building_condition']"
      ]
     },
     "execution_count": 75,
     "metadata": {},
     "output_type": "execute_result"
    }
   ],
   "source": [
    "list(df.columns)"
   ]
  },
  {
   "cell_type": "code",
   "execution_count": 76,
   "id": "125b42cf",
   "metadata": {},
   "outputs": [
    {
     "data": {
      "text/html": [
       "<div>\n",
       "<style scoped>\n",
       "    .dataframe tbody tr th:only-of-type {\n",
       "        vertical-align: middle;\n",
       "    }\n",
       "\n",
       "    .dataframe tbody tr th {\n",
       "        vertical-align: top;\n",
       "    }\n",
       "\n",
       "    .dataframe thead th {\n",
       "        text-align: right;\n",
       "    }\n",
       "</style>\n",
       "<table border=\"1\" class=\"dataframe\">\n",
       "  <thead>\n",
       "    <tr style=\"text-align: right;\">\n",
       "      <th></th>\n",
       "      <th>id</th>\n",
       "      <th>price</th>\n",
       "      <th>living_area</th>\n",
       "      <th>rooms_number</th>\n",
       "      <th>zip_code</th>\n",
       "      <th>land_area</th>\n",
       "      <th>garden</th>\n",
       "      <th>garden_area</th>\n",
       "      <th>equipped_kitchen</th>\n",
       "      <th>swimming_pool</th>\n",
       "      <th>furnished</th>\n",
       "      <th>open_fire</th>\n",
       "      <th>terrace</th>\n",
       "      <th>terrace_area</th>\n",
       "      <th>facades_number</th>\n",
       "      <th>building_state</th>\n",
       "      <th>lat</th>\n",
       "      <th>lng</th>\n",
       "    </tr>\n",
       "  </thead>\n",
       "  <tbody>\n",
       "    <tr>\n",
       "      <th>id</th>\n",
       "      <td>1.000000</td>\n",
       "      <td>-0.107468</td>\n",
       "      <td>-0.023170</td>\n",
       "      <td>0.025120</td>\n",
       "      <td>0.029002</td>\n",
       "      <td>-0.034885</td>\n",
       "      <td>0.043745</td>\n",
       "      <td>-0.045187</td>\n",
       "      <td>0.030238</td>\n",
       "      <td>-0.019702</td>\n",
       "      <td>-0.004794</td>\n",
       "      <td>0.021088</td>\n",
       "      <td>-0.031508</td>\n",
       "      <td>-0.026085</td>\n",
       "      <td>0.059495</td>\n",
       "      <td>-0.060241</td>\n",
       "      <td>0.005573</td>\n",
       "      <td>-0.017466</td>\n",
       "    </tr>\n",
       "    <tr>\n",
       "      <th>price</th>\n",
       "      <td>-0.107468</td>\n",
       "      <td>1.000000</td>\n",
       "      <td>0.442626</td>\n",
       "      <td>0.417646</td>\n",
       "      <td>-0.145400</td>\n",
       "      <td>0.293829</td>\n",
       "      <td>0.045978</td>\n",
       "      <td>0.142675</td>\n",
       "      <td>-0.019895</td>\n",
       "      <td>0.289245</td>\n",
       "      <td>0.025558</td>\n",
       "      <td>0.146024</td>\n",
       "      <td>0.002056</td>\n",
       "      <td>0.081694</td>\n",
       "      <td>0.169743</td>\n",
       "      <td>0.182130</td>\n",
       "      <td>0.162182</td>\n",
       "      <td>-0.067297</td>\n",
       "    </tr>\n",
       "    <tr>\n",
       "      <th>living_area</th>\n",
       "      <td>-0.023170</td>\n",
       "      <td>0.442626</td>\n",
       "      <td>1.000000</td>\n",
       "      <td>0.509137</td>\n",
       "      <td>-0.048926</td>\n",
       "      <td>0.266545</td>\n",
       "      <td>0.103311</td>\n",
       "      <td>0.131799</td>\n",
       "      <td>0.017947</td>\n",
       "      <td>0.189902</td>\n",
       "      <td>-0.022969</td>\n",
       "      <td>0.149026</td>\n",
       "      <td>-0.053351</td>\n",
       "      <td>0.115761</td>\n",
       "      <td>0.194201</td>\n",
       "      <td>0.007319</td>\n",
       "      <td>-0.056643</td>\n",
       "      <td>0.063677</td>\n",
       "    </tr>\n",
       "    <tr>\n",
       "      <th>rooms_number</th>\n",
       "      <td>0.025120</td>\n",
       "      <td>0.417646</td>\n",
       "      <td>0.509137</td>\n",
       "      <td>1.000000</td>\n",
       "      <td>-0.059065</td>\n",
       "      <td>0.170583</td>\n",
       "      <td>0.218261</td>\n",
       "      <td>0.156601</td>\n",
       "      <td>0.024116</td>\n",
       "      <td>0.173813</td>\n",
       "      <td>-0.016621</td>\n",
       "      <td>0.139357</td>\n",
       "      <td>-0.073182</td>\n",
       "      <td>0.070572</td>\n",
       "      <td>0.259108</td>\n",
       "      <td>-0.065623</td>\n",
       "      <td>-0.127228</td>\n",
       "      <td>0.117006</td>\n",
       "    </tr>\n",
       "    <tr>\n",
       "      <th>zip_code</th>\n",
       "      <td>0.029002</td>\n",
       "      <td>-0.145400</td>\n",
       "      <td>-0.048926</td>\n",
       "      <td>-0.059065</td>\n",
       "      <td>1.000000</td>\n",
       "      <td>-0.007944</td>\n",
       "      <td>-0.088571</td>\n",
       "      <td>-0.022074</td>\n",
       "      <td>-0.021183</td>\n",
       "      <td>-0.045116</td>\n",
       "      <td>0.036065</td>\n",
       "      <td>-0.034591</td>\n",
       "      <td>-0.205406</td>\n",
       "      <td>-0.032772</td>\n",
       "      <td>-0.093532</td>\n",
       "      <td>0.006370</td>\n",
       "      <td>0.103193</td>\n",
       "      <td>-0.524438</td>\n",
       "    </tr>\n",
       "    <tr>\n",
       "      <th>land_area</th>\n",
       "      <td>-0.034885</td>\n",
       "      <td>0.293829</td>\n",
       "      <td>0.266545</td>\n",
       "      <td>0.170583</td>\n",
       "      <td>-0.007944</td>\n",
       "      <td>1.000000</td>\n",
       "      <td>0.031135</td>\n",
       "      <td>0.331662</td>\n",
       "      <td>0.019579</td>\n",
       "      <td>0.104126</td>\n",
       "      <td>-0.003509</td>\n",
       "      <td>0.032094</td>\n",
       "      <td>-0.038841</td>\n",
       "      <td>0.015032</td>\n",
       "      <td>0.110487</td>\n",
       "      <td>-0.006349</td>\n",
       "      <td>-0.019423</td>\n",
       "      <td>0.022573</td>\n",
       "    </tr>\n",
       "    <tr>\n",
       "      <th>garden</th>\n",
       "      <td>0.043745</td>\n",
       "      <td>0.045978</td>\n",
       "      <td>0.103311</td>\n",
       "      <td>0.218261</td>\n",
       "      <td>-0.088571</td>\n",
       "      <td>0.031135</td>\n",
       "      <td>1.000000</td>\n",
       "      <td>0.139129</td>\n",
       "      <td>0.072048</td>\n",
       "      <td>0.090891</td>\n",
       "      <td>-0.044031</td>\n",
       "      <td>0.071550</td>\n",
       "      <td>0.197896</td>\n",
       "      <td>0.069387</td>\n",
       "      <td>0.204456</td>\n",
       "      <td>-0.049865</td>\n",
       "      <td>-0.138023</td>\n",
       "      <td>0.171194</td>\n",
       "    </tr>\n",
       "    <tr>\n",
       "      <th>garden_area</th>\n",
       "      <td>-0.045187</td>\n",
       "      <td>0.142675</td>\n",
       "      <td>0.131799</td>\n",
       "      <td>0.156601</td>\n",
       "      <td>-0.022074</td>\n",
       "      <td>0.331662</td>\n",
       "      <td>0.139129</td>\n",
       "      <td>1.000000</td>\n",
       "      <td>0.019536</td>\n",
       "      <td>0.078494</td>\n",
       "      <td>-0.008324</td>\n",
       "      <td>0.024109</td>\n",
       "      <td>0.009542</td>\n",
       "      <td>0.040742</td>\n",
       "      <td>0.084506</td>\n",
       "      <td>0.010900</td>\n",
       "      <td>-0.029449</td>\n",
       "      <td>0.032879</td>\n",
       "    </tr>\n",
       "    <tr>\n",
       "      <th>equipped_kitchen</th>\n",
       "      <td>0.030238</td>\n",
       "      <td>-0.019895</td>\n",
       "      <td>0.017947</td>\n",
       "      <td>0.024116</td>\n",
       "      <td>-0.021183</td>\n",
       "      <td>0.019579</td>\n",
       "      <td>0.072048</td>\n",
       "      <td>0.019536</td>\n",
       "      <td>1.000000</td>\n",
       "      <td>0.025039</td>\n",
       "      <td>-0.001898</td>\n",
       "      <td>0.054890</td>\n",
       "      <td>0.080662</td>\n",
       "      <td>0.014710</td>\n",
       "      <td>0.058252</td>\n",
       "      <td>-0.010638</td>\n",
       "      <td>0.010755</td>\n",
       "      <td>0.011686</td>\n",
       "    </tr>\n",
       "    <tr>\n",
       "      <th>swimming_pool</th>\n",
       "      <td>-0.019702</td>\n",
       "      <td>0.289245</td>\n",
       "      <td>0.189902</td>\n",
       "      <td>0.173813</td>\n",
       "      <td>-0.045116</td>\n",
       "      <td>0.104126</td>\n",
       "      <td>0.090891</td>\n",
       "      <td>0.078494</td>\n",
       "      <td>0.025039</td>\n",
       "      <td>1.000000</td>\n",
       "      <td>-0.000954</td>\n",
       "      <td>0.113868</td>\n",
       "      <td>0.011318</td>\n",
       "      <td>0.026712</td>\n",
       "      <td>0.163255</td>\n",
       "      <td>0.065066</td>\n",
       "      <td>-0.008345</td>\n",
       "      <td>0.023637</td>\n",
       "    </tr>\n",
       "    <tr>\n",
       "      <th>furnished</th>\n",
       "      <td>-0.004794</td>\n",
       "      <td>0.025558</td>\n",
       "      <td>-0.022969</td>\n",
       "      <td>-0.016621</td>\n",
       "      <td>0.036065</td>\n",
       "      <td>-0.003509</td>\n",
       "      <td>-0.044031</td>\n",
       "      <td>-0.008324</td>\n",
       "      <td>-0.001898</td>\n",
       "      <td>-0.000954</td>\n",
       "      <td>1.000000</td>\n",
       "      <td>-0.015644</td>\n",
       "      <td>-0.012886</td>\n",
       "      <td>-0.002823</td>\n",
       "      <td>-0.041784</td>\n",
       "      <td>0.044847</td>\n",
       "      <td>0.077837</td>\n",
       "      <td>-0.073973</td>\n",
       "    </tr>\n",
       "    <tr>\n",
       "      <th>open_fire</th>\n",
       "      <td>0.021088</td>\n",
       "      <td>0.146024</td>\n",
       "      <td>0.149026</td>\n",
       "      <td>0.139357</td>\n",
       "      <td>-0.034591</td>\n",
       "      <td>0.032094</td>\n",
       "      <td>0.071550</td>\n",
       "      <td>0.024109</td>\n",
       "      <td>0.054890</td>\n",
       "      <td>0.113868</td>\n",
       "      <td>-0.015644</td>\n",
       "      <td>1.000000</td>\n",
       "      <td>0.029098</td>\n",
       "      <td>0.016972</td>\n",
       "      <td>0.172143</td>\n",
       "      <td>0.001086</td>\n",
       "      <td>-0.029291</td>\n",
       "      <td>0.033545</td>\n",
       "    </tr>\n",
       "    <tr>\n",
       "      <th>terrace</th>\n",
       "      <td>-0.031508</td>\n",
       "      <td>0.002056</td>\n",
       "      <td>-0.053351</td>\n",
       "      <td>-0.073182</td>\n",
       "      <td>-0.205406</td>\n",
       "      <td>-0.038841</td>\n",
       "      <td>0.197896</td>\n",
       "      <td>0.009542</td>\n",
       "      <td>0.080662</td>\n",
       "      <td>0.011318</td>\n",
       "      <td>-0.012886</td>\n",
       "      <td>0.029098</td>\n",
       "      <td>1.000000</td>\n",
       "      <td>0.136703</td>\n",
       "      <td>0.008943</td>\n",
       "      <td>0.121340</td>\n",
       "      <td>-0.030207</td>\n",
       "      <td>0.137016</td>\n",
       "    </tr>\n",
       "    <tr>\n",
       "      <th>terrace_area</th>\n",
       "      <td>-0.026085</td>\n",
       "      <td>0.081694</td>\n",
       "      <td>0.115761</td>\n",
       "      <td>0.070572</td>\n",
       "      <td>-0.032772</td>\n",
       "      <td>0.015032</td>\n",
       "      <td>0.069387</td>\n",
       "      <td>0.040742</td>\n",
       "      <td>0.014710</td>\n",
       "      <td>0.026712</td>\n",
       "      <td>-0.002823</td>\n",
       "      <td>0.016972</td>\n",
       "      <td>0.136703</td>\n",
       "      <td>1.000000</td>\n",
       "      <td>0.042336</td>\n",
       "      <td>0.034300</td>\n",
       "      <td>-0.020797</td>\n",
       "      <td>0.046058</td>\n",
       "    </tr>\n",
       "    <tr>\n",
       "      <th>facades_number</th>\n",
       "      <td>0.059495</td>\n",
       "      <td>0.169743</td>\n",
       "      <td>0.194201</td>\n",
       "      <td>0.259108</td>\n",
       "      <td>-0.093532</td>\n",
       "      <td>0.110487</td>\n",
       "      <td>0.204456</td>\n",
       "      <td>0.084506</td>\n",
       "      <td>0.058252</td>\n",
       "      <td>0.163255</td>\n",
       "      <td>-0.041784</td>\n",
       "      <td>0.172143</td>\n",
       "      <td>0.008943</td>\n",
       "      <td>0.042336</td>\n",
       "      <td>1.000000</td>\n",
       "      <td>-0.065199</td>\n",
       "      <td>-0.219977</td>\n",
       "      <td>0.202794</td>\n",
       "    </tr>\n",
       "    <tr>\n",
       "      <th>building_state</th>\n",
       "      <td>-0.060241</td>\n",
       "      <td>0.182130</td>\n",
       "      <td>0.007319</td>\n",
       "      <td>-0.065623</td>\n",
       "      <td>0.006370</td>\n",
       "      <td>-0.006349</td>\n",
       "      <td>-0.049865</td>\n",
       "      <td>0.010900</td>\n",
       "      <td>-0.010638</td>\n",
       "      <td>0.065066</td>\n",
       "      <td>0.044847</td>\n",
       "      <td>0.001086</td>\n",
       "      <td>0.121340</td>\n",
       "      <td>0.034300</td>\n",
       "      <td>-0.065199</td>\n",
       "      <td>1.000000</td>\n",
       "      <td>0.140070</td>\n",
       "      <td>-0.093953</td>\n",
       "    </tr>\n",
       "    <tr>\n",
       "      <th>lat</th>\n",
       "      <td>0.005573</td>\n",
       "      <td>0.162182</td>\n",
       "      <td>-0.056643</td>\n",
       "      <td>-0.127228</td>\n",
       "      <td>0.103193</td>\n",
       "      <td>-0.019423</td>\n",
       "      <td>-0.138023</td>\n",
       "      <td>-0.029449</td>\n",
       "      <td>0.010755</td>\n",
       "      <td>-0.008345</td>\n",
       "      <td>0.077837</td>\n",
       "      <td>-0.029291</td>\n",
       "      <td>-0.030207</td>\n",
       "      <td>-0.020797</td>\n",
       "      <td>-0.219977</td>\n",
       "      <td>0.140070</td>\n",
       "      <td>1.000000</td>\n",
       "      <td>-0.570372</td>\n",
       "    </tr>\n",
       "    <tr>\n",
       "      <th>lng</th>\n",
       "      <td>-0.017466</td>\n",
       "      <td>-0.067297</td>\n",
       "      <td>0.063677</td>\n",
       "      <td>0.117006</td>\n",
       "      <td>-0.524438</td>\n",
       "      <td>0.022573</td>\n",
       "      <td>0.171194</td>\n",
       "      <td>0.032879</td>\n",
       "      <td>0.011686</td>\n",
       "      <td>0.023637</td>\n",
       "      <td>-0.073973</td>\n",
       "      <td>0.033545</td>\n",
       "      <td>0.137016</td>\n",
       "      <td>0.046058</td>\n",
       "      <td>0.202794</td>\n",
       "      <td>-0.093953</td>\n",
       "      <td>-0.570372</td>\n",
       "      <td>1.000000</td>\n",
       "    </tr>\n",
       "  </tbody>\n",
       "</table>\n",
       "</div>"
      ],
      "text/plain": [
       "                        id     price  living_area  rooms_number  zip_code  \\\n",
       "id                1.000000 -0.107468    -0.023170      0.025120  0.029002   \n",
       "price            -0.107468  1.000000     0.442626      0.417646 -0.145400   \n",
       "living_area      -0.023170  0.442626     1.000000      0.509137 -0.048926   \n",
       "rooms_number      0.025120  0.417646     0.509137      1.000000 -0.059065   \n",
       "zip_code          0.029002 -0.145400    -0.048926     -0.059065  1.000000   \n",
       "land_area        -0.034885  0.293829     0.266545      0.170583 -0.007944   \n",
       "garden            0.043745  0.045978     0.103311      0.218261 -0.088571   \n",
       "garden_area      -0.045187  0.142675     0.131799      0.156601 -0.022074   \n",
       "equipped_kitchen  0.030238 -0.019895     0.017947      0.024116 -0.021183   \n",
       "swimming_pool    -0.019702  0.289245     0.189902      0.173813 -0.045116   \n",
       "furnished        -0.004794  0.025558    -0.022969     -0.016621  0.036065   \n",
       "open_fire         0.021088  0.146024     0.149026      0.139357 -0.034591   \n",
       "terrace          -0.031508  0.002056    -0.053351     -0.073182 -0.205406   \n",
       "terrace_area     -0.026085  0.081694     0.115761      0.070572 -0.032772   \n",
       "facades_number    0.059495  0.169743     0.194201      0.259108 -0.093532   \n",
       "building_state   -0.060241  0.182130     0.007319     -0.065623  0.006370   \n",
       "lat               0.005573  0.162182    -0.056643     -0.127228  0.103193   \n",
       "lng              -0.017466 -0.067297     0.063677      0.117006 -0.524438   \n",
       "\n",
       "                  land_area    garden  garden_area  equipped_kitchen  \\\n",
       "id                -0.034885  0.043745    -0.045187          0.030238   \n",
       "price              0.293829  0.045978     0.142675         -0.019895   \n",
       "living_area        0.266545  0.103311     0.131799          0.017947   \n",
       "rooms_number       0.170583  0.218261     0.156601          0.024116   \n",
       "zip_code          -0.007944 -0.088571    -0.022074         -0.021183   \n",
       "land_area          1.000000  0.031135     0.331662          0.019579   \n",
       "garden             0.031135  1.000000     0.139129          0.072048   \n",
       "garden_area        0.331662  0.139129     1.000000          0.019536   \n",
       "equipped_kitchen   0.019579  0.072048     0.019536          1.000000   \n",
       "swimming_pool      0.104126  0.090891     0.078494          0.025039   \n",
       "furnished         -0.003509 -0.044031    -0.008324         -0.001898   \n",
       "open_fire          0.032094  0.071550     0.024109          0.054890   \n",
       "terrace           -0.038841  0.197896     0.009542          0.080662   \n",
       "terrace_area       0.015032  0.069387     0.040742          0.014710   \n",
       "facades_number     0.110487  0.204456     0.084506          0.058252   \n",
       "building_state    -0.006349 -0.049865     0.010900         -0.010638   \n",
       "lat               -0.019423 -0.138023    -0.029449          0.010755   \n",
       "lng                0.022573  0.171194     0.032879          0.011686   \n",
       "\n",
       "                  swimming_pool  furnished  open_fire   terrace  terrace_area  \\\n",
       "id                    -0.019702  -0.004794   0.021088 -0.031508     -0.026085   \n",
       "price                  0.289245   0.025558   0.146024  0.002056      0.081694   \n",
       "living_area            0.189902  -0.022969   0.149026 -0.053351      0.115761   \n",
       "rooms_number           0.173813  -0.016621   0.139357 -0.073182      0.070572   \n",
       "zip_code              -0.045116   0.036065  -0.034591 -0.205406     -0.032772   \n",
       "land_area              0.104126  -0.003509   0.032094 -0.038841      0.015032   \n",
       "garden                 0.090891  -0.044031   0.071550  0.197896      0.069387   \n",
       "garden_area            0.078494  -0.008324   0.024109  0.009542      0.040742   \n",
       "equipped_kitchen       0.025039  -0.001898   0.054890  0.080662      0.014710   \n",
       "swimming_pool          1.000000  -0.000954   0.113868  0.011318      0.026712   \n",
       "furnished             -0.000954   1.000000  -0.015644 -0.012886     -0.002823   \n",
       "open_fire              0.113868  -0.015644   1.000000  0.029098      0.016972   \n",
       "terrace                0.011318  -0.012886   0.029098  1.000000      0.136703   \n",
       "terrace_area           0.026712  -0.002823   0.016972  0.136703      1.000000   \n",
       "facades_number         0.163255  -0.041784   0.172143  0.008943      0.042336   \n",
       "building_state         0.065066   0.044847   0.001086  0.121340      0.034300   \n",
       "lat                   -0.008345   0.077837  -0.029291 -0.030207     -0.020797   \n",
       "lng                    0.023637  -0.073973   0.033545  0.137016      0.046058   \n",
       "\n",
       "                  facades_number  building_state       lat       lng  \n",
       "id                      0.059495       -0.060241  0.005573 -0.017466  \n",
       "price                   0.169743        0.182130  0.162182 -0.067297  \n",
       "living_area             0.194201        0.007319 -0.056643  0.063677  \n",
       "rooms_number            0.259108       -0.065623 -0.127228  0.117006  \n",
       "zip_code               -0.093532        0.006370  0.103193 -0.524438  \n",
       "land_area               0.110487       -0.006349 -0.019423  0.022573  \n",
       "garden                  0.204456       -0.049865 -0.138023  0.171194  \n",
       "garden_area             0.084506        0.010900 -0.029449  0.032879  \n",
       "equipped_kitchen        0.058252       -0.010638  0.010755  0.011686  \n",
       "swimming_pool           0.163255        0.065066 -0.008345  0.023637  \n",
       "furnished              -0.041784        0.044847  0.077837 -0.073973  \n",
       "open_fire               0.172143        0.001086 -0.029291  0.033545  \n",
       "terrace                 0.008943        0.121340 -0.030207  0.137016  \n",
       "terrace_area            0.042336        0.034300 -0.020797  0.046058  \n",
       "facades_number          1.000000       -0.065199 -0.219977  0.202794  \n",
       "building_state         -0.065199        1.000000  0.140070 -0.093953  \n",
       "lat                    -0.219977        0.140070  1.000000 -0.570372  \n",
       "lng                     0.202794       -0.093953 -0.570372  1.000000  "
      ]
     },
     "execution_count": 76,
     "metadata": {},
     "output_type": "execute_result"
    },
    {
     "data": {
